74,35
3,2
3,1
3,3
10,308
10,168
10,304
10,232
10,212
10,32
10,256
10,2
10,3
9,7
9,6
9,1
9,4
9,3
8,13
8,15
8,16
8,6
69,3
69,2
69,1
69,0
54,4
54,3
54,1
26,3
26,1
12,3
12,2
12,1
11,30
11,29
11,28
11,26
11,24
11,22
11,21
11,19
11,18
11,16
11,15
11,14
11,12
11,10
11,9
11,8
11,7
11,6
11,5
11,4
11,3
11,2
11,1
10,300
10,298
20,2
20,1
10,288
10,284
20,3
10,274
10,261
10,257
10,250
10,248
19,2
19,1
10,245
19,3
10,239
10,225
10,223
10,208
10,194
10,190
10,189
10,178
10,177
10,149
10,148
10,144
10,140
10,139
18,1
10,137
10,135
